version https://git-lfs.github.com/spec/v1
oid sha256:29ab36f56cb0040261e6b9bd4d54526a15f727c08c6594ef374da609dfbe5b68
size 114769
